file 5
1459
6335
31170
30851
17796
24118
29709
32051
27787
13309
28311
22349
12268
3365
13719
20291
956
10871
15673
20182
13386
28628
7983
16735
11845
29926
12158
11969
10188
30532
18512
3031
8972
31503
12618
21157
20453
5112
1744
15870
18855
26402
19143
6094
13184
214
14617
26681
32169
9176
11537
23696
28020
3835
32280
4779
10888
16591
3191
30105
28227
21626
5529
23256
3116
30159
24240
1219
3417
31627
27569
804
13092
5817
6404
25913
26385
8303
26310
29258
17226
17960
30834
5311
28524
16873
25940
28111
12484
28515
14175
31636
8820
22790
15071
14920
6371
15085
14415
