file 6
4507
3197
17155
2898
4191
10781
24276
11545
17526
16476
9256
26363
7815
4153
14233
16090
23195
20955
31956
1165
1026
14639
14049
12115
29561
20720
6332
29143
1512
22010
11680
32422
22389
20334
19761
9552
1943
17934
10994
27351
12335
22031
22832
10340
16730
7789
23590
28267
9037
7930
3790
13697
30672
26988
13059
11467
22346
27797
27629
12853
27856
2276
3630
7643
6485
32446
6743
18036
15471
10523
13635
3316
27538
3901
24725
26980
20583
30880
6571
9743
11866
12912
9587
1108
3580
17371
30102
28981
188
24948
32115
27081
